function mgc = gaslib-135-75

mgc.sound_speed = 312.805;
mgc.temperature = 273.15;
mgc.R = 8.314;
mgc.compressibility_factor = 0.8;
mgc.gas_molar_mass = 0.0185674;
mgc.gas_specific_gravity = 0.6;
mgc.specific_heat_capacity_ratio = 1.4;
mgc.standard_density = 1;
mgc.baseP = 8101325;
mgc.baseF = 1925.0;
mgc.per_unit= 1;

%% junction data
%  junction_i type pmin pmax status p
mgc.junction = [
30      0       0.38281700832888        1       1       0.38281700832888
300071  0       0.012507213326215       1       1       0.012507213326215
1       0       0.012507213326215       1       1       0.012507213326215
54      0       0.012507213326215       1       1       0.012507213326215
81      0       0.012507213326215       1       1       0.012507213326215
101     0       0.012507213326215       1       1       0.012507213326215
32      0       0.012507213326215       1       1       0.012507213326215
109     0       0.012507213326215       0.87656340166578        1       0.012507213326215
2       0       0.012507213326215       1       1       0.012507213326215
18      0       0.012507213326215       1       1       0.012507213326215
132     0       0.012507213326215       0.87656340166578        1       0.012507213326215
41      0       0.012507213326215       1       1       0.012507213326215
29      0       0.012507213326215       1       1       0.012507213326215
78      0       0.012507213326215       1       1       0.012507213326215
65      0       0.012507213326215       1       1       0.012507213326215
74      0       0.012507213326215       1       1       0.012507213326215
2100059 0       0.012507213326215       1       1       0.012507213326215
51      0       0.012507213326215       1       1       0.012507213326215
53      0       0.012507213326215       1       1       0.012507213326215
106     0       0.012507213326215       0.87656340166578        1       0.012507213326215
119     0       0.012507213326215       0.87656340166578        1       0.012507213326215
27      0       0.012507213326215       1       1       0.012507213326215
75      0       0.012507213326215       1       1       0.012507213326215
42      0       0.012507213326215       1       1       0.012507213326215
2500034 0       0.012507213326215       1       1       0.012507213326215
1300005 0       0.012507213326215       1       1       0.012507213326215
33      0       0.012507213326215       1       1       0.012507213326215
50      0       0.012507213326215       1       1       0.012507213326215
28      0       0.012507213326215       1       1       0.012507213326215
52      0       0.012507213326215       1       1       0.012507213326215
111     0       0.012507213326215       0.87656340166578        1       0.012507213326215
63      0       0.38281700832888        1       1       0.38281700832888
1200071 0       0.012507213326215       1       1       0.012507213326215
121     0       0.012507213326215       0.87656340166578        1       0.012507213326215
115     0       0.012507213326215       0.87656340166578        1       0.012507213326215
2000056 0       0.012507213326215       1       1       0.012507213326215
92      0       0.012507213326215       1       1       0.012507213326215
500017  0       0.012507213326215       1       1       0.012507213326215
88      0       0.012507213326215       1       1       0.012507213326215
93      0       0.012507213326215       1       1       0.012507213326215
26      0       0.012507213326215       1       1       0.012507213326215
10      0       0.012507213326215       1       1       0.012507213326215
1900049 0       0.012507213326215       1       1       0.012507213326215
120     0       0.012507213326215       0.87656340166578        1       0.012507213326215
77      0       0.012507213326215       1       1       0.012507213326215
24      0       0.012507213326215       1       1       0.012507213326215
87      0       0.012507213326215       1       1       0.012507213326215
117     0       0.012507213326215       0.87656340166578        1       0.012507213326215
58      0       0.012507213326215       1       1       0.012507213326215
25      0       0.012507213326215       1       1       0.012507213326215
114     0       0.38281700832888        1       1       0.38281700832888
23      0       0.012507213326215       1       1       0.012507213326215
1700063 0       0.012507213326215       1       1       0.012507213326215
1400030 0       0.012507213326215       1       1       0.012507213326215
49      0       0.38281700832888        1       1       0.38281700832888
59      0       0.38281700832888        1       1       0.38281700832888
89      0       0.012507213326215       1       1       0.012507213326215
1600113 0       0.012507213326215       1       1       0.012507213326215
5       0       0.38281700832888        1       1       0.38281700832888
200044  0       0.012507213326215       1       1       0.012507213326215
43      0       0.012507213326215       1       1       0.012507213326215
122     0       0.012507213326215       0.87656340166578        1       0.012507213326215
62      0       0.012507213326215       1       1       0.012507213326215
1500044 0       0.012507213326215       1       1       0.012507213326215
90      0       0.012507213326215       1       1       0.012507213326215
2400066 0       0.012507213326215       1       1       0.012507213326215
39      0       0.012507213326215       1       1       0.012507213326215
31      0       0.012507213326215       1       1       0.012507213326215
1100066 0       0.012507213326215       1       1       0.012507213326215
112     0       0.012507213326215       0.87656340166578        1       0.012507213326215
2700063 0       0.012507213326215       1       1       0.012507213326215
34      0       0.38281700832888        1       1       0.38281700832888
44      0       0.38281700832888        1       1       0.38281700832888
129     0       0.012507213326215       0.87656340166578        1       0.012507213326215
2300057 0       0.012507213326215       1       1       0.012507213326215
94      0       0.012507213326215       1       1       0.012507213326215
55      0       0.012507213326215       1       1       0.012507213326215
600030  0       0.012507213326215       1       1       0.012507213326215
86      0       0.012507213326215       1       1       0.012507213326215
126     0       0.012507213326215       0.87656340166578        1       0.012507213326215
17      0       0.38281700832888        1       1       0.38281700832888
99      0       0.012507213326215       1       1       0.012507213326215
71      0       0.38281700832888        1       1       0.38281700832888
100057  0       0.012507213326215       1       1       0.012507213326215
700044  0       0.012507213326215       1       1       0.012507213326215
37      0       0.012507213326215       1       1       0.012507213326215
47      0       0.012507213326215       1       1       0.012507213326215
9       0       0.012507213326215       1       1       0.012507213326215
73      0       0.012507213326215       1       1       0.012507213326215
82      0       0.012507213326215       1       1       0.012507213326215
12      0       0.012507213326215       1       1       0.012507213326215
79      0       0.012507213326215       1       1       0.012507213326215
20      0       0.012507213326215       1       1       0.012507213326215
6       0       0.012507213326215       1       1       0.012507213326215
2800034 0       0.012507213326215       1       1       0.012507213326215
800057  0       0.012507213326215       1       1       0.012507213326215
84      0       0.012507213326215       1       1       0.012507213326215
80      0       0.012507213326215       1       1       0.012507213326215
2900114 0       0.012507213326215       1       1       0.012507213326215
