function mgc = 24_pipe

%% required global data
mgc.gas_specific_gravity         = 0.6;
mgc.specific_heat_capacity_ratio = 1.4;  % unitless
mgc.temperature                  = 288.706;  % K
mgc.compressibility_factor       = 0.8;  % unitless
mgc.units                        = 'si';

%% optional global data (that was either provided or computed based on required global data)
mgc.sound_speed                  = 377.968;  % m/s
mgc.R                            = 8.314;  % J/(mol K)
mgc.base_pressure                = 3447380;  % Pa
mgg.base_flow                    = 100
mgc.base_length                  = 5000;  % m
mgc.is_per_unit                  = 0;

%% junction data
% id	p_min	p_max	p_nominal	junction_type	status	pipeline_name	edi_id	lat	lon
mgc.junction = [
1	  3447380	5515808	3447380	1	1	'24-pipe-benchmark'	1	  0.0	0.0
2	  3447380	5515808	3447380	0	1	'24-pipe-benchmark'	2	  0.0	0.0
3	  3447380	5515808	3447380	0	1	'24-pipe-benchmark'	3	  0.0	0.0
4	  3447380	5515808	3447380	0	1	'24-pipe-benchmark'	4	  0.0	0.0
5	  3447380	5515808	3447380	0	1	'24-pipe-benchmark'	5	  0.0	0.0
6	  3447380	5515808	3447380	0	1	'24-pipe-benchmark'	6	  0.0	0.0
7	  3447380	5515808	3447380	0	1	'24-pipe-benchmark'	7	  0.0	0.0
8	  3447380	5515808	3447380	0	1	'24-pipe-benchmark'	8	  0.0	0.0
9	  3447380	5515808	3447380	0	1	'24-pipe-benchmark'	9	  0.0	0.0
10	3447380	5515808	3447380	0	1	'24-pipe-benchmark'	10	0.0	0.0
11	3447380	5515808	3447380	0	1	'24-pipe-benchmark'	11	0.0	0.0
12	3447380	5515808	3447380	0	1	'24-pipe-benchmark'	12	0.0	0.0
13	3447380	5515808	3447380	0	1	'24-pipe-benchmark'	13	0.0	0.0
14	3447380	5515808	3447380	0	1	'24-pipe-benchmark'	14	0.0	0.0
15	3447380	5515808	3447380	0	1	'24-pipe-benchmark'	15	0.0	0.0
16	3447380	5515808	3447380	0	1	'24-pipe-benchmark'	16	0.0	0.0
17	3447380	5515808	3447380	0	1	'24-pipe-benchmark'	17	0.0	0.0
18	3447380	5515808	3447380	0	1	'24-pipe-benchmark'	18	0.0	0.0
19	3447380	5515808	3447380	0	1	'24-pipe-benchmark'	19	0.0	0.0
20	3447380	5515808	3447380	0	1	'24-pipe-benchmark'	20	0.0	0.0
21	3447380	5515808	3447380	0	1	'24-pipe-benchmark'	21	0.0	0.0
22	3447380	5515808	3447380	0	1	'24-pipe-benchmark'	22	0.0	0.0
23	3447380	5515808	3447380	0	1	'24-pipe-benchmark'	23	0.0	0.0
24	3447380	5515808	3447380	0	1	'24-pipe-benchmark'	24	0.0	0.0
25	3447380	5515808	3447380	0	1	'24-pipe-benchmark'	25	0.0	0.0
26	3447380	5515808	3447380	0	1	'24-pipe-benchmark'	26	0.0	0.0
27	3447380	5515808	3447380	0	1	'24-pipe-benchmark'	27	0.0	0.0
28	3447380	5515808	3447380	0	1	'24-pipe-benchmark'	28	0.0	0.0
29	3447380	5515808	3447380	0	1	'24-pipe-benchmark'	29	0.0	0.0
30	3447380	5515808	3447380	0	1	'24-pipe-benchmark'	30	0.0	0.0
];

%% pipe data
% id	fr_junction	to_junction	diameter	length	friction_factor	p_min	p_max	status
mgc.pipe = [
1	  26	2	  0.9144	100000	0.01	3447380	5515808	1
2	  2  	3	  0.6350	30000	  0.01	3447380	5515808	1
3	  28	4	  0.6350	5000	  0.01	3447380	5515808	1
4	  4	  5	  0.6350	15000	  0.01	3447380	5515808	1
5	  5	  6	  0.6350	10000	  0.01	3447380	5515808	1
6	  5	  7	  0.6350	5000	  0.01	3447380	5515808	1
7	  7	  8	  0.6350	10000	  0.01	3447380	5515808	1
8	  27	9	  0.9144	5000	  0.01	3447380	5515808	1
9	  9	  10	0.9144	60000	  0.01	3447380	5515808	1
10	10	11	0.6350	5000	  0.01	3447380	5515808	1
11	11	12	0.6350	8000	  0.01	3447380	5515808	1
12	11	13	0.6350	6000	  0.01	3447380	5515808	1
13	10	14	0.9144	80000	  0.01	3447380	5515808	1
14	29	15	0.9144	10000	  0.01	3447380	5515808	1
15	15	16	0.9144	20000	  0.01	3447380	5515808	1
16	16	17	0.6350	3000	  0.01	3447380	5515808	1
17	17	18	0.6350	6000	  0.01	3447380	5515808	1
18	16	19	0.6350	5000	  0.01	3447380	5515808	1
19	15	20	0.9144	40000  	0.01	3447380	5515808	1
20	30	21	0.9144	5000	  0.01	3447380	5515808	1
21	21	22	0.9144	20000	  0.01	3447380	5515808	1
22	22	23	0.9144	5000	  0.01	3447380	5515808	1
23	23	24	0.9144	16000	  0.01	3447380	5515808	1
24	22	25	0.6350	8000	  0.01	3447380	5515808	1
];

%% compressor data
% id	fr_junction	to_junction	c_ratio_min	c_ratio_max	power_max	flow_min	flow_max	inlet_p_min	inlet_p_max	outlet_p_min	outlet_p_max	status	operating_cost	directionality
mgc.compressor = [
1	1	  26	1.0	1.4	3500.0	-1000000	1000000	3447380	5515808	3447380	5515808	1	10	2
2	2	  27	1.0	1.4	2500.0	-1000000	1000000	3447380	5515808	3447380	5515808	1	10	2
3	3	  28	1.0	1.4	1500.0	-1000000  1000000	3447380	5515808	3447380	5515808	1	10	2
4	14	29	1.0	1.4	1000.0	-1000000	1000000	3447380	5515808	3447380	5515808	1	10	2
5	20	30	1.0	1.4	1000.0	-1000000  1000000	3447380	5515808	3447380	5515808	1	10	2
];

%% receipt data
% id	junction_id	injection_min	injection_max	injection_nominal	is_dispatchable	status
mgc.receipt = [
1	1	0	1000	680.6534	1	1
];

%% delivery data
% id	junction_id	withdrawal_min	withdrawal_max	withdrawal_nominal	is_dispatchable	status
mgc.delivery = [
1	 6	0	74.5264	74.5264	0	1
2	 8  0	68.3158	68.3158	0	1
3	 24	0	62.1053	62.1053	0	1
4	 25	0	55.8948	55.8948	0	1
5	 12	0	68.5197	68.5197	0	1
6	 13	0	56.0616	56.0616	0	1
7	 18	0	62.2906	62.2906	0	1
8	 19	0	74.7488	74.7488	0	1
9	 12	0	31.1453	31.1453	0	1
10 25	0	24.9108	24.9108	0	1
11 6	0	29.8930	29.8930	0	1
12 18	0	22.4197	22.4197	0	1
13 24	0	27.4019	27.4019	0	1
14 24	0	9.9643	9.9643	0	1
15 25	0	12.4554	12.4554	0	1
];

end
