function mgc = A3

%% required global data
mgc.gas_specific_gravity         = 0.6;
mgc.specific_heat_capacity_ratio = 1.4;  % unitless
mgc.temperature                  = 281.15;  % K
mgc.compressibility_factor       = 0.8;  % unitless
mgc.units                        = 'si';

%% optional global data (that was either provided or computed based on required global data)
mgc.gas_molar_mass               = 0.0186; % kg/mol
mgc.R                            = 8.314;  % J/(mol K)
mgc.base_pressure                = 8000000;  % Pa
mgc.base_length                  = 5000;  % m
mgc.is_per_unit                  = 0;
mgc.sound_speed                  = 317.35;
mgc.base_flow                    = 550;

%% junction data
% id	p_min	p_max	p_nominal	junction_type	status	pipeline_name	edi_id	lat	lon
mgc.junction = [
1	      0	      7700000	0	      0	1	'Zeebrugge'	    1	      51.317627 3.207505
2	      0	      7700000	0	      0	1	'Dudzele'	      2	      51.273122 3.225252
3	      3000000	8000000	3000000	0	1	'Brugge'	      3     	51.213300 3.238619
4	      0     	8000000	0     	0	1	'Zomergem'	    4	      51.129415 3.565951
5  	    0     	7700000	0      	0	1	'Loenhout'	    5	      51.398470 4.642843
6	      3000000	8000000	3000000	0	1	'Antwerp'	      6	      51.228278 4.396853
7	      3000000	8000000	3000000	0	1	'Ghent'	        7	      51.021064 3.696627
8	      5000000	6620000	5000000	0	1	'Voeren'	      8	      50.747104 5.807359
9	      0     	5985000	0     	0	1	'Berneau'	      9	      50.742332 5.728989
10	    3000000	6620000	3000000	0	1	'Liege'	        10	    50.623966 5.604243
11	    0     	6620000	0     	0	1	'Warnand'	      11    	50.594875 5.226843
12	    0     	6620000	0     	0	1	'Namur'	        12	    50.457312 4.857902
13	    0     	6620000	0     	0	1	'Anderlues'	    13	    50.404252 4.282298
14	    0     	6620000	0     	0	1	'Peronnes'	    14	    50.436809 4.148354
15	    0     	6620000	0     	0	1	'Mons'	        15	    50.460400 3.963180
16	    5000000	6620000	5000000	0	1	'Blaregnies'	  16	    50.356656 3.895753
17	    0     	6620000	0     	0	1	'Wanze'	        17	    50.522473 5.208038
18	    0     	6300000	0     	0	1	'Sinsin'	      18	    50.274169 5.254187
19	    0      	6620000	0     	0	1	'Arlon'	        19	    49.682769 5.789927
20	    2500000	6620000	2500000	0	1	'Petange'	      20	    49.539411 5.835195
21	    1400000	6620000	1400000	0	1	'Jabbeke'	      21	    51.204699 3.086440
22	    1400000	6620000	1400000	0	1	'Torhout'	      22	    51.072867 3.118026
23	    1400000	6620000	1400000	0	1	'Kortrijk'	    23	    50.790711 3.230636
24	    1400000	6620000	1400000	0	1	'Bois-de-Barry'	24	    50.580151 3.521773
25	    2000000	7000000	2000000	0	1	'Lobbes'	      25	    50.353208 4.263261
26	    2000000	7000000	2000000	0	1	'Senzeille'	    26	    50.124840 4.433550
27	    2000000	7000000	2000000	0	1	'Gedinne'	      27	    49.980230 4.851030
28	    2000000	7000000	2000000	0	1	'Chiny'	        28	    49.806832 5.274004
29	    2000000	7000000	2000000	0	1	'Pigneule'	    29	    49.735878 5.471758
41	    0     	8000000	0     	0	1	'A3'	          41	    0 0
51	    0     	8000000	0     	0	1	'A3'	          51	    0 0
81	    0     	5985000	0     	0	1	'A3' 	          81	    0 0
171	    0     	6620000	0     	0	1	'A3'	          171	    0 0
211	    1400000	6620000	1400000	0	1	'A3'	          211	    0 0
231	    1400000	6620000	1400000	0	1	'A3'	          231	    0 0
261	    0     	7000000	2000000	0	1	'A3'	          261	    0 0
];

%% pipe data
% id	fr_junction	to_junction	diameter	length	friction_factor	p_min	p_max	status
mgc.pipe = [
1	  1	  2	  0.89	  4000	0.007	  0	7700000	1
2	  1	  2	  0.89	  4000	0.007	  0	7700000	1
3	  2	  3	  0.89	  6000	0.007	  0	8000000	1
4	  2	  3	  0.89	  6000	0.007	  0	8000000	1
5	  3	  4	  0.89	  26000	0.007	  0	8000000	1
7	  6	  7	  0.5901	29000	0.0076	0 8000000	1
8	  7	  4	  0.5901	19000	0.0076	0	8000000	1
12	9	  10	0.89	  20000	0.007	  0	6620000	1
13	9	  10	0.3955	20000	0.0082	0	6620000	1
14	10	11	0.89	  25000	0.007	  0	6620000	1
15	10	11	0.3955	25000	0.0082	0	6620000	1
16	11	12	0.89	  42000	0.007	  0	6620000	1
17	12	13	0.89	  40000	0.007	  0	6620000	1
18	13	14	0.89	  5000	0.007	  0	6620000	1
19	14	15	0.89	  10000	0.007	  0	6620000	1
20	15	16	0.89	  25000	0.007	  0	6620000	1
21	11	17	0.3955	10500	0.0082	0	6620000	1
23	18	19	0.3155	98000	0.0086	0	6620000	1
24	19	20	0.3155	6000	0.0086	0	6620000	1
61	51	6	  0.5901	43000	0.0076	0	8000000	1
91	41	14	0.89	  55000	0.007	  0	8000000	1
101	81	9	  0.89	  5000	0.007	  0	5985000	1
111	81	9	  0.3955	5000	0.0082	0	5985000	1
221	171	18	0.3155	26000	0.0086	0	6620000	1
];

%% compressor data
% id	fr_junction	to_junction	c_ratio_min	c_ratio_max	power_max	flow_min	flow_max	inlet_p_min	inlet_p_max	outlet_p_min	outlet_p_max	status	operating_cost	directionality
mgc.compressor = [
6	      5	  51	1.0	2.0	1e100	-600	600	0	8000000	0	8000000	1	10	0
9	      4	  41	1.0	2.0	1e100	-600	600	0	8000000	0	8000000	1	10	0
10	    8	  81	1.0	2.0	1e100	-600	600	0	6620000	0	6620000	1	10	0
11	    8	  81	1.0	2.0	1e100	-600	600	0	6620000	0	6620000	1	10	0
22	    17	171	1.0	2.0	1e100	-600	600	0	6620000	0	6620000	1	10	0
];

%% receipt data
% id	junction_id	injection_min	injection_max	injection_nominal	is_dispatchable	status
mgc.receipt = [
1	  1	  103.69  135.53	127.55	1	1
2	  2	  0	      98.19	  98.19	  0	1
5	  5	  0	      56.11	  32.91	  0	1
8	  8	  237.77  257.32	257.32	0	1
13	13	0	      14.03	  14.03	  0	1
14	14	0	      11.22	  11.22	  0	1
];

%% delivery data
% id	junction_id	withdrawal_min	withdrawal_max	withdrawal_nominal	is_dispatchable	status
mgc.delivery = [
3	  3	  0	45.8	  45.8	  0	1
6	  6	  0	47.16	  47.16	  0	1
7	  7	  0	61.44	  61.44	  0	1
10	10	0	74.41	  74.41	  0	1
12	12	0	24.78	  24.78	  0	1
15	15	0	80.05	  80.05	  0	1
16	16	0	182.55	182.55	0	1
19	19	0	2.6	    2.6	    0	1
20	20	0	22.43	  22.43	  0	1
];

%% ne_pipe data
% id	fr_junction	to_junction	diameter	length	friction_factor	p_min	p_max	status	construction_cost
mgc.ne_pipe = [
25	1	  21	0.89	16070	0.007	0     	7700000	1	27.65
26	2	  21	0.89	7980	0.007	0     	7700000	1	13.73
28	22	23	0.89	32350	0.007	0     	6620000	1	55.66
30	24	15	0.89	33790	0.007	0     	6620000	1	58.14
31	15	25	0.89	24460	0.007	0     	7000000	1	42.09
32	25	26	0.89	28130	0.007	0     	7000000	1	48.40
34	27	28	0.89	35910	0.007	0     	7000000	1	61.79
35	28	29	0.89	16250	0.007	0      	7000000	1	27.96
36	29	19	0.89	25480	0.007	0     	7000000	1	42.09
271	211	22	0.89	14820	0.007	0     	6620000	1	25.50
291	231	24	0.89	31130	0.007	0      	6620000	1	53.56
331	261	27	0.89	33870	0.007	0     	7000000	1	58.28
];

%% ne_compressor data
% id	fr_junction	to_junction	c_ratio_min	c_ratio_max	power_max	flow_min	flow_max	inlet_p_min	inlet_p_max	outlet_p_min	outlet_p_max	status	construction_cost operating_cost	directionality
mgc.ne_compressor = [
27	21	211 1.0	2.0	1e100	-600	600	1400000	6620000	1400000	6620000	1	1500.0 10	0
29	23	231 1.0	2.0	1e100	-600	600	1400000	6620000	1400000	6620000	1	1500.0 10	0
33	26	261 1.0	2.8	1e100	-600	600	2000000	7000000	2000000	7000000	1	1500.0 10	0
];

%% pipe data (extended)
%column_names% flow_direction
mgc.pipe_data = [
0
0
0
0
0
0
0
1
1
0
0
0
0
0
0
1
0
0
0
1
0
1
1
0
];

%% compressor data (extended)
%column_names% flow_direction
mgc.compressor_data = [
1
0
1
1
0
];

end
