function mgc = distribution_110

mgc.gas_specific_gravity         = 0.626;
mgc.specific_heat_capacity_ratio = 1.4;
mgc.temperature                  = 288.706;
mgc.R                            = 8.314;
mgc.compressibility_factor       = 1;
mgc.base_pressure                = 1200000; % all base values are in same units as specified by units field
mgc.base_length                  = 1200; % all base values are in same units as specified by units field
mgc.base_flow                    = 0.219055452;
mgc.units                        = 'si';
mgc.is_per_unit                  = 0;
mgc.economic_weighting           = 0.95;
mgc.sound_speed                  = 371.6643;

%% junction data
% id p_min p_max p_nominal junction_type status pipeline_name edi_id lat lon
mgc.junction = [
1	  0	1200000	1200000	1	1	'1'	 '1'  6  12
2	  0	1200000	1200000	0	1	'2'	 '2'  6  11
3	  0	1200000	1200000	0	1	'3'	 '3'  1  11
4	  0	1200000	1200000	0	1	'4'	 '4'  6  11
5	  0	1200000	1200000	0	1	'5'	 '5'  10 11
6	  0	28000  	70000 	0	1	'6'	 '6'  1  10
7	  0	28000  	70000 	0	1	'7'	 '7'  6  10
8	  0	2600  	5000 	  0	1	'8'	 '8'  10 10
9	  0	28000  	70000 	0	1	'9'	 '9'  1  9
10	0	28000  	70000 	0	1	'10' '10' 2  9
11	0	28000  	70000 	0	1	'11' '11' 4  9
12	0	28000  	70000 	0	1	'12' '12' 6  9
13	0	28000  	70000 	0	1	'13' '13' 7  9
14	0	28000  	70000 	0	1	'14' '14' 1  7
15	0	28000  	70000 	0	1	'15' '15' 2  7
16	0	28000  	70000 	0	1	'16' '16' 4  7
17	0	28000  	70000 	0	1	'17' '17' 6  7
18	0	28000  	70000 	0	1	'18' '18' 1  6
19	0	28000  	70000 	0	1	'19' '19' 6  6
20	0	28000  	70000 	0	1	'20' '20' 1  5
21	0	28000  	70000 	0	1	'21' '21' 6  5
22	0	28000  	70000 	0	1	'22' '22' 7  6
23	0	28000  	70000 	0	1	'23' '23' 1  0
24	0	28000  	70000 	0	1	'24' '24' 2  0
25	0	28000  	70000 	0	1	'25' '25' 7  0
26	0	28000  	70000 	0	1	'26' '26' 2  2
27	0	28000  	70000 	0	1	'27' '27' 3  2
28	0	28000  	70000 	0	1	'28' '28' 2  3
29	0	28000  	70000 	0	1	'29' '29' 5  2
30	0	28000  	70000 	0	1	'30' '30' 2  4
31	0	28000  	70000 	0	1	'31' '31' 3  4
32	0	2600  	5000 	  0	1	'32' '32' 8  6
33	0	2600  	5000 	  0	1	'33' '33' 10 8
34	0	2600  	5000 	  0	1	'34' '34' 10 7
35	0	2600  	5000 	  0	1	'35' '35' 10 6
36	0	2600  	5000 	  0	1	'36' '36' 10 4
37	0	2600  	5000 	  0	1	'37' '37' 10 3
38	0	2600  	5000 	  0	1	'38' '38' 10 2
39	0	2600  	5000 	  0	1	'39' '39' 10 1
40	0	2600  	5000 	  0	1	'40' '40' 9  4
41	0	2600  	5000 	  0	1	'41' '41' 9  3
42	0	2600  	5000 	  0	1	'42' '42' 11 4
43	0	2600  	5000 	  0	1	'43' '43' 11 3
44	0	2600  	5000 	  0	1	'44' '44' 11 2
45	0	2600  	5000 	  0	1	'45' '45' 11 1
46	0	2600  	5000 	  0	1	'46' '46' 11 8
47	0	2600  	5000 	  0	1	'47' '47' 11 7
48	0	2600  	5000 	  0	1	'48' '48' 11 6
49	0	2600  	5000 	  0	1	'49' '49' 12 8
50	0	2600  	5000 	  0	1	'50' '50' 12 7
51	0	2600  	5000 	  0	1	'51' '51' 12 6
52	0	2600  	5000 	  0	1	'52' '52' 13 8
53	0	2600  	5000 	  0	1	'53' '53' 13 7
54	0	2600  	5000 	  0	1	'54' '54' 13 6
];

%% pipeline data
% id fr_junction to_junction diameter length friction_factor p_min p_max status is_bidirectional pipeline_name num_spatial_discretization_points
mgc.pipe = [
1	  1	 2	 0.4	 1000	  0.003	0	    1200000	1	1	'LH_1'	  1
2	  2	 3	 0.3	 1000	  0.003	0	    1200000	1	1	'LH_2'	  1
3	  2	 4	 0.3	 500	  0.003	0	    1200000	1	1	'LH_3'	  1
4	  2	 5	 0.3	 1000	  0.003	0	    1200000	1	1	'LH_2'	  1
5	  6	 9	 0.3	 1200	  0.003	28000	70000	  1	1	'LM_1'	  1
6  	9	 10  0.16	 75  	  0.006	28000	70000	  1	1	'LMM_1'	  1
7	  10 11  0.16	 75  	  0.006	28000	70000	  1	1	'LMM_1'	  1
8	  11 12  0.16	 300  	0.006	28000	70000	  1	1	'LMM_1'	  1
9	  12 13  0.15	 100  	0.004	28000	70000	  1	1	'LM_3'	  1
10	9  14  0.15	 160  	0.004	28000	70000	  1	1	'LMM_3'	  1
11	10 15  0.063 150  	0.005	28000	70000	  1	1	'LMM_4'	  1
12	11 16  0.125 150  	0.005	28000	70000	  1	1	'LMM_5'	  1
13	12 17  0.1   150  	0.007	28000	70000	  1	1	'LMM_6'	  1
14	14 15  0.09  75    	0.005	28000	70000	  1	1	'LMM_7'	  1
15	15 16  0.09  75    	0.005	28000	70000	  1	1	'LMM_7'	  1
16	16 17  0.08  150    0.008	28000	70000	  1	1	'LMM_8'	  1
17	14 18  0.15  75     0.006	28000	70000	  1	1	'LMM_9' 	1
18	17 19  0.05  75     0.009	28000	70000	  1	1	'LMM_10'	1
19	18 19  0.05  300    0.009	28000	70000	  1	1	'LMM_11'	1
20	18 20  0.15  75     0.006	28000	70000	  1	1	'LMM_9'	  1
21	19 21  0.05  75     0.009	28000	70000	  1	1	'LMM_10'	1
22	20 21  0.05  300    0.009	28000	70000	  1	1	'LMM_11'	1
23	13 22  0.15  300    0.004	28000	70000	  1	1	'LM_4'	  1
24	20 23  0.15  700    0.004	28000	70000	  1	1	'LM_2'	  1
25	22 25  0.15  700    0.004	28000	70000	  1	1	'LM_5'	  1
26	23 24  0.15  100    0.004	28000	70000	  1	1	'LM_3'	  1
27	24 25  0.15  300    0.004	28000	70000	  1	1	'LM_4'	  1
28	24 26  0.1   200    0.004	28000	70000	  1	1	'LMs_1'	  1
29	26 27  0.08  80     0.005	28000	70000	  1	1	'LMs_2'	  1
30	26 28  0.09  200    0.004	28000	70000	  1	1	'LMs_3'	  1
31	28 29  0.09  700    0.004	28000	70000	  1	1	'LMs_4'	  1
32	28 30  0.09  200    0.004	28000	70000	  1	1	'LMs_3'	  1
33	30 31  0.063 120    0.004	28000	70000	  1	1	'LMs_5'	  1
34	32 35  0.18  1050   0.006	2600	5000	  1	1	'LN_2'	  1
35	8  33  0.18  850    0.006	2600	5000	  1	1	'LN_1'	  1
36	33 34  0.18  100    0.006	2600	5000	  1	1	'LNm_1'	  1
37	34 35  0.18  100    0.006	2600	5000	  1	1	'LNm_1'	  1
38	35 36  0.18  120    0.004	2600	5000	  1	1	'LNs_1'	  1
39	36 37  0.18  120    0.004	2600	5000	  1	1	'LNs_1'	  1
40	37 38  0.18  120    0.004	2600	5000	  1	1	'LNs_1'	  1
41	38 39  0.18  120    0.004	2600	5000	  1	1	'LNs_1'	  1
42	36 40  0.08  70     0.005	2600	5000	  1	1	'LNs_3'	  1
43	37 41  0.08  70     0.005	2600	5000	  1	1	'LNs_3'	  1
44	36 42  0.063 70     0.004	2600	5000	  1	1	'LNs_2'	  1
45	37 43  0.063 70     0.004	2600	5000	  1	1	'LNs_2'	  1
46	38 44  0.063 70     0.004	2600	5000	  1	1	'LNs_2'	  1
47	39 45  0.063 70     0.004	2600	5000	  1	1	'LNs_2'	  1
48	33 46  0.15  250    0.008	2600	5000	  1	1	'LNm_2'	  1
49	46 49  0.15  250    0.008	2600	5000	  1	1	'LNm_2'	  1
50	49 52  0.15  250    0.008	2600	5000	  1	1	'LNm_2'	  1
51	34 47  0.11  250    0.004	2600	5000	  1	1	'LNm_5'	  1
52	47 50  0.11  250    0.004	2600	5000	  1	1	'LNm_5'	  1
53	50 53  0.11  250    0.004	2600	5000	  1	1	'LNm_5'	  1
54	35 48  0.15  250    0.008	2600	5000	  1	1	'LNm_2'	  1
55	48 51  0.15  250    0.008	2600	5000	  1	1	'LNm_2'	  1
56	51 54  0.15  250    0.008	2600	5000	  1	1	'LNm_2'	  1
57	46 47  0.125 100    0.004	2600	5000	  1	1	'LNm_4'	  1
58	47 48  0.125 100    0.004	2600	5000	  1	1	'LNm_4'	  1
59	49 50  0.125 100    0.004	2600	5000	  1	1	'LNm_4'	  1
60	50 51  0.125 100    0.004	2600	5000	  1	1	'LNm_4'	  1
61	52 53  0.15  100    0.006	2600	5000	  1	1	'LNm_3'	  1
62	53 54  0.15  100    0.006	2600	5000	  1	1	'LNm_3'	  1
];

%% regulator data
% id	fr_junction	to_junction	reduction_factor_min	reduction_factor_max	flow_min	flow_max	status
mgc.regulator = [
1	3	 6	0	1	0.0	0.3	1
2	4	 7	0	1	0.0	0.3	1
3	5	 8	0	1	0.0	0.3	1
4	22 32	0	1	0.0	0.3	1
];

%% receipt data
% id junction_id injection_min injection_max injection_nominal is_dispatchable status offer_price name company_name daily_scheduled_flow design_capacity operating_capacity is_firm edi_id
mgc.receipt = [
1	 1	  0.0	0.151164262	0.0	1	1
6	 6	  0.0	0.022630397	0.0	1	1
31 31	  0.0	0.022630397	0.0	1	1
39 39	  0.0	0.022630397	0.0	1	1
];

%% delivery data
% id junction_id withdrawal_min withdrawal_max withdrawal_nominal is_dispatchable status bid_price name company_name daily_scheduled_flow design_capacity operating_capacity is_firm edi_id
