function mgc = distribution_benchmark_65

mgc.gas_specific_gravity         = 0.626;
mgc.specific_heat_capacity_ratio = 1.4;
mgc.temperature                  = 288.706;
mgc.R                            = 8.314;
mgc.compressibility_factor       = 1;
mgc.base_pressure                = 1200000; % all base values are in same units as specified by units field
mgc.base_length                  = 1200; % all base values are in same units as specified by units field
mgc.base_flow                    = 0.219055452;
mgc.units                        = 'si';
mgc.is_per_unit                  = 0;
mgc.economic_weighting           = 0.95;
mgc.sound_speed                  = 371.6643;

%% junction data
% id p_min p_max p_nominal junction_type status pipeline_name edi_id lat lon
mgc.junction = [
1	0	1200000	1200000	1	1	'1'	'1'
2	0	1200000	1200000	1	1	'2'	'2'
3	0	1200000	1200000	1	1	'3'	'3'
4	0	1200000	1200000	1	1	'4'	'4'
5	28000	70000	70000	1	1	'5'	'5'
6	0	1200000	1200000	1	1	'6'	'6'
7	28000	70000	70000	1	1	'7'	'7'
8	0	5000	5000	1	1	'8'	'8'
9	0	70000	0	1	1	'9'	'9'
10	0	70000	0	1	1	'10'	'10'
11	0	70000	0	1	1	'11'	'11'
12	0	70000	0	1	1	'12'	'12'
13	0	70000	0	1	1	'13'	'13'
14	0	70000	0	1	1	'14'	'14'
15	0	70000	0	1	1	'15'	'15'
16	0	70000	0	1	1	'16'	'16'
17	0	70000	0	1	1	'17'	'17'
18	0	70000	0	1	1	'18'	'18'
19	0	70000	0	1	1	'19'	'19'
20	0	70000	0	1	1	'20'	'20'
21	0	70000	0	1	1	'21'	'21'
22	0	70000	0	1	1	'22'	'22'
23	0	70000	0	1	1	'23'	'23'
24	0	70000	0	1	1	'24'	'24'
25	0	70000	0	1	1	'25'	'25'
26	0	70000	0	1	1	'26'	'26'
27	0	70000	0	1	1	'27'	'27'
28	0	70000	0	1	1	'28'	'28'
29	0	70000	0	1	1	'29'	'29'
30	0	70000	0	1	1	'30'	'30'
31	0	70000	0	1	1	'31'	'31'
32	2600	5000	5000	1	1	'32'	'32'
33	0	5000	0	1	1	'33'	'33'
34	0	5000	0	1	1	'34'	'34'
35	0	5000	0	1	1	'35'	'35'
36	0	5000	0	1	1	'36'	'36'
37	0	5000	0	1	1	'37'	'37'
38	0	5000	0	1	1	'38'	'38'
39	0	5000	0	1	1	'39'	'39'
40	0	5000	0	1	1	'40'	'40'
41	0	5000	0	1	1	'41'	'41'
42	0	5000	0	1	1	'42'	'42'
43	0	5000	0	1	1	'43'	'43'
44	0	5000	0	1	1	'44'	'44'
45	0	5000	0	1	1	'45'	'45'
46	0	5000	0	1	1	'46'	'46'
47	0	5000	0	1	1	'47'	'47'
48	0	5000	0	1	1	'48'	'48'
49	0	5000	0	1	1	'49'	'49'
50	0	5000	0	1	1	'50'	'50'
51	0	5000	0	1	1	'51'	'51'
52	0	5000	0	1	1	'52'	'52'
53	0	5000	0	1	1	'53'	'53'
54	0	5000	0	1	1	'54'	'54'
];

%% pipeline data
% id fr_junction to_junction diameter length friction_factor p_min p_max status is_bidirectional pipeline_name num_spatial_discretization_points
mgc.pipe = [
1	1	3	4	1000	0.2	0	1200000	1	1	'1'	1
2	2	3	3	1000	0.2	0	1200000	1	1	'2'	1
3	3	4	3	1000	0.2	0	1200000	1	1	'3'	1
5	3	6	3	500	0.2	0	1200000	1	1	'5'	1
8	5	9	3	1200	0.2	0	70000	1	1	'8'	1
9	9	10	1.6	75	1	0	70000	1	1	'9'	1
10	10	11	1.6	75	1	0	70000	1	1	'10'	1
11	11	12	1.6	300	1	0	70000	1	1	'11'	1
12	12	13	1.5	100	0.2	0	70000	1	1	'12'	1
13	9	14	1.5	160	0.2	0	70000	1	1	'13'	1
14	10	15	0.63	150	0.2	0	70000	1	1	'14'	1
15	11	16	1.25	150	0.2	0	70000	1	1	'15'	1
16	12	17	1	150	1	0	70000	1	1	'16'	1
17	13	31	1.5	300	0.2	0	70000	1	1	'17'	1
18	14	15	0.9	75	0.2	0	70000	1	1	'18'	1
19	15	16	0.9	75	0.2	0	70000	1	1	'19'	1
20	16	17	0.5	75	1	0	70000	1	1	'20'	1
21	14	18	1.5	75	1	0	70000	1	1	'21'	1
22	17	19	0.5	75	1	0	70000	1	1	'22'	1
23	18	20	1.5	75	1	0	70000	1	1	'23'	1
24	18	19	0.5	300	1	0	70000	1	1	'24'	1
25	19	21	0.5	75	1	0	70000	1	1	'25'	1
26	20	21	0.5	300	1	0	70000	1	1	'26'	1
27	22	23	0.63	120	0.1	0	70000	1	1	'27'	1
28	22	24	0.9	200	0.1	0	70000	1	1	'28'	1
29	24	25	0.9	200	0.1	0	70000	1	1	'29'	1
30	20	28	1.5	700	0.2	0	70000	1	1	'30'	1
31	24	27	0.9	700	0.1	0	70000	1	1	'31'	1
32	25	29	1	200	0.2	0	70000	1	1	'32'	1
33	25	26	0.8	80	0.2	0	70000	1	1	'33'	1
34	28	29	1.5	100	0.2	0	70000	1	1	'34'	1
35	29	30	1.5	300	0.2	0	70000	1	1	'35'	1
36	30	31	1.5	700	0.2	0	70000	1	1	'36'	1
38	32	33	1.8	1050	1	0	5000	1	1	'38'	1
39	8	34	1.8	850	1	0	5000	1	1	'39'	1
40	34	38	1.8	100	1	0	5000	1	1	'40'	1
41	34	35	1.5	250	1	0	5000	1	1	'41'	1
42	35	39	1.25	100	0.2	0	5000	1	1	'42'	1
43	35	36	1.5	250	1	0	5000	1	1	'43'	1
44	36	40	1.25	100	0.2	0	5000	1	1	'44'	1
45	36	37	1.5	250	1	0	5000	1	1	'45'	1
46	37	41	1.5	100	1	0	5000	1	1	'46'	1
47	38	39	1.1	250	0.2	0	5000	1	1	'47'	1
48	39	40	1.1	250	0.2	0	5000	1	1	'48'	1
49	40	41	1.1	250	0.2	0	5000	1	1	'49'	1
50	38	33	1.8	100	1	0	5000	1	1	'50'	1
51	39	42	1.25	100	0.2	0	5000	1	1	'51'	1
52	40	43	1.25	100	0.2	0	5000	1	1	'52'	1
53	41	44	1.5	100	1	0	5000	1	1	'53'	1
54	33	42	1.5	250	1	0	5000	1	1	'54'	1
55	42	43	1.5	250	1	0	5000	1	1	'55'	1
56	43	44	1.5	250	1	0	5000	1	1	'56'	1
57	33	47	1.8	120	0.2	0	5000	1	1	'57'	1
58	45	47	0.80	70	0.2	0	5000	1	1	'58'	1
59	47	46	0.63	70	0.1	0	5000	1	1	'59'	1
60	48	49	0.80	70	0.2	0	5000	1	1	'60'	1
61	49	50	0.63	70	0.1	0	5000	1	1	'61'	1
62	49	51	1.80	120	0.2	0	5000	1	1	'62'	1
63	51	52	0.63	70	0.1	0	5000	1	1	'63'	1
64	51	53	1.80	120	0.2	0	5000	1	1	'64'	1
65	53	54	0.63	70	0.1	0	5000	1	1	'65'	1
];

%% compressor data
% id fr_junction to_junction c_ratio_min c_ratio_max power_max flow_min flow_max inlet_p_min inlet_p_max outlet_p_min outlet_p_max status operating_cost directionality compressor_station_name pipeline_name totat_installed_power num_compressor_units compressor_type design_suction_pressure design_discharge_pressure max_compressed_volumne design_fuel_required design_electric_power_required num_units_for_peak_service peak_year
mgc.compressor = [
];

%% regulator data
% id	fr_junction	to_junction	reduction_factor_min	reduction_factor_max	flow_min	flow_max	status
mgc.regulator = [
4	2	5	0	1	-0.219055452	0.219055452	1
6	6	7	0	1	-0.219055452	0.219055452	1
7	4	8	0	1	-0.219055452	0.219055452	1
37	31	32	0	1	-0.219055452	0.219055452	1
];

%% receipt data
% id junction_id injection_min injection_max injection_nominal is_dispatchable status offer_price name company_name daily_scheduled_flow design_capacity operating_capacity is_firm edi_id
mgc.receipt = [
1	1	  0	0.151164262	1	1	1
2	5	  0	0.022630397	1	1	1
3	23	0	0.022630397	1	1	1
4	53	0	0.022630397	1	1	1
];

%% delivery data
% id junction_id withdrawal_min withdrawal_max withdrawal_nominal is_dispatchable status bid_price name company_name daily_scheduled_flow design_capacity operating_capacity is_firm edi_id
mgc.delivery = [
1	  7	  0	0.027631715	0.027631715	0	1	1.25
2	  9	  0	0.006307092	0.006307092	0	1	1.25
3	  10	0	0.012614183	0.012614183	0	1	1.25
4	  11	0	0.008024739	0.008024739	0	1	1.25
5	  12	0	0.00171991	0.00171991	0	1	1.25
6	  14	0	0.008357406	0.008357406	0	1	1.25
7	  15	0	0.012614183	0.012614183	0	1	1.25
8	  16	0	0.008024739	0.008024739	0	1	1.25
9	  17	0	0.003770224	0.003770224	0	1	1.25
10	18	0	0.004102891	0.004102891	0	1	1.25
11	19	0	0.014761808	0.014761808	0	1	1.25
12	20	0	0.002052577	0.002052577	0	1	1.25
13	21	0	0.002052577	0.002052577	0	1	1.25
14	23	0	0.005988003	0.005988003	0	1	1.25
15	24	0	0.015302674	0.015302674	0	1	1.25
16	26	0	0.005988003	0.005988003	0	1	1.25
17	27	0	0.011611657	0.011611657	0	1	1.25
18	30	0	0.007920639	0.007920639	0	1	1.25
19	33	0	0.001663334	0.001663334	0	1	1.25
20	34	0	0.002115942	0.002115942	0	1	1.25
21	35	0	0.003326668	0.003326668	0	1	1.25
22	36	0	0.003326668	0.003326668	0	1	1.25
23	37	0	0.001663334	0.001663334	0	1	1.25
24	38	0	0.003326668	0.003326668	0	1	1.25
25	39	0	0.006653337	0.006653337	0	1	1.25
26	40	0	0.006653337	0.006653337	0	1	1.25
27	41	0	0.003326668	0.003326668	0	1	1.25
28	42	0	0.003326668	0.003326668	0	1	1.25
29	43	0	0.003326668	0.003326668	1	1	1.25
30	44	0	0.001663334	0.001663334	0	1	1.25
31	45	0	0.005322669	0.005322669	1	1	1.25
32	46	0	0.00115415	0.00115415	1	1	1.25
33	47	0	0.000832799	0.000832799	1	1	1.25
34	48	0	0.005322669	0.005322669	0	1	1.25
35	49	0	0.000832799	0.000832799	0	1	1.25
36	51	0	0.000832799	0.000832799	0	1	1.25
37	52	0	0.000832799	0.000832799	0	1	1.25
38	54	0	0.004707123	0.004707123	0	1	1.25
];
