function mgc = gaslib-582-10

%% required global data
mgc.gas_specific_gravity = 0.6000;
mgc.specific_heat_capacity_ratio = 1.4000;  % unitless
mgc.temperature = 288.7060;  % K
mgc.compressibility_factor = 1.0000;  % unitless
mgc.units = 'si';

%% optional global data (that was either provided or computed based on required global data)
mgc.sound_speed = 371.6643;  % m/s
mgc.R = 8.3140;  % J/(mol K)
mgc.base_pressure = 12101325;  % Pa
mgc.base_length = 5000.0000;  % m
mgc.is_per_unit = 0;

%% junction data
% id	p_min	p_max	p_nominal	junction_type	status	pipeline_name	edi_id	lat	lon
mgc.junction = [
0	101325.0000	12101325	101325.0000	0	1	'gaslib-582-10'	0	48.4487	10.0667
1	201325.0000	8601325.0000	201325.0000	0	1	'gaslib-582-10'	1	47.8615	9.6135
2	201325.0000	8601325.0000	201325.0000	0	1	'gaslib-582-10'	2	47.8615	9.6135
3	201325.0000	8601325.0000	201325.0000	0	1	'gaslib-582-10'	3	48.2137	9.5218
4	201325.0000	8601325.0000	201325.0000	0	1	'gaslib-582-10'	4	47.3286	9.0036
5	201325.0000	8601325.0000	201325.0000	0	1	'gaslib-582-10'	5	47.2342	8.9812
6	201325.0000	8601325.0000	201325.0000	0	1	'gaslib-582-10'	6	47.8068	9.9841
7	201325.0000	8601325.0000	201325.0000	0	1	'gaslib-582-10'	7	47.3988	9.0146
8	201325.0000	8601325.0000	201325.0000	0	1	'gaslib-582-10'	8	47.3408	8.9795
9	201325.0000	8501325.0000	201325.0000	0	1	'gaslib-582-10'	9	47.3576	8.8994
10	201325.0000	8601325.0000	201325.0000	0	1	'gaslib-582-10'	10	47.8615	9.6135
11	201325.0000	8601325.0000	201325.0000	0	1	'gaslib-582-10'	11	47.9000	8.0001
12	201325.0000	8601325.0000	201325.0000	0	1	'gaslib-582-10'	12	47.8512	7.9483
13	201325.0000	8601325.0000	201325.0000	0	1	'gaslib-582-10'	13	48.3578	7.9247
14	201325.0000	8601325.0000	201325.0000	0	1	'gaslib-582-10'	14	48.3578	7.9247
15	201325.0000	8601325.0000	201325.0000	0	1	'gaslib-582-10'	15	47.2342	8.9812
16	201325.0000	10101325.0000	201325.0000	0	1	'gaslib-582-10'	16	47.3286	9.0036
17	201325.0000	8601325.0000	201325.0000	0	1	'gaslib-582-10'	17	48.2137	9.5218
18	201325.0000	8601325.0000	201325.0000	0	1	'gaslib-582-10'	18	47.5142	9.3887
19	201325.0000	8501325.0000	201325.0000	0	1	'gaslib-582-10'	19	48.4487	10.0667
20	201325.0000	8501325.0000	201325.0000	0	1	'gaslib-582-10'	20	48.3400	9.7649
21	201325.0000	8501325.0000	201325.0000	0	1	'gaslib-582-10'	21	48.2137	9.5218
22	201325.0000	8501325.0000	201325.0000	0	1	'gaslib-582-10'	22	47.4728	9.3181
23	201325.0000	8501325.0000	201325.0000	0	1	'gaslib-582-10'	23	47.5003	9.2001
24	201325.0000	8501325.0000	201325.0000	0	1	'gaslib-582-10'	24	47.7422	8.0645
25	201325.0000	7101325.0000	201325.0000	0	1	'gaslib-582-10'	25	47.4438	9.4498
26	201325.0000	7101325.0000	201325.0000	0	1	'gaslib-582-10'	26	47.4120	9.4714
27	201325.0000	8501325.0000	201325.0000	0	1	'gaslib-582-10'	27	47.8068	9.9841
28	201325.0000	8601325.0000	201325.0000	0	1	'gaslib-582-10'	28	47.8248	9.5857
29	201325.0000	8601325.0000	201325.0000	0	1	'gaslib-582-10'	29	47.4457	9.3640
30	201325.0000	8601325.0000	201325.0000	0	1	'gaslib-582-10'	30	47.9052	8.0261
31	101325.0000	12101325	101325.0000	0	1	'gaslib-582-10'	31	48.4487	10.0667
32	201325.0000	8501325.0000	201325.0000	0	1	'gaslib-582-10'	32	47.8615	9.6135
33	201325.0000	411325.0000	201325.0000	0	1	'gaslib-582-10'	33	48.6994	6.0502
34	201325.0000	411325.0000	201325.0000	0	1	'gaslib-582-10'	34	48.6641	6.1191
35	201325.0000	8601325.0000	201325.0000	0	1	'gaslib-582-10'	35	47.8615	9.6135
36	201325.0000	8601325.0000	201325.0000	0	1	'gaslib-582-10'	36	48.9480	6.8942
37	201325.0000	8601325.0000	201325.0000	0	1	'gaslib-582-10'	37	48.4116	7.7568
38	201325.0000	8601325.0000	201325.0000	0	1	'gaslib-582-10'	38	47.9000	8.0001
39	201325.0000	6721325.0000	201325.0000	0	1	'gaslib-582-10'	39	48.4833	7.9495
40	201325.0000	8601325.0000	201325.0000	0	1	'gaslib-582-10'	40	0.0000	0.0000
41	201325.0000	8601325.0000	201325.0000	0	1	'gaslib-582-10'	41	0.0000	0.0000
42	201325.0000	8601325.0000	201325.0000	0	1	'gaslib-582-10'	42	0.0000	0.0000
43	201325.0000	8601325.0000	201325.0000	0	1	'gaslib-582-10'	43	0.0000	0.0000
44	201325.0000	8601325.0000	201325.0000	0	1	'gaslib-582-10'	44	0.0000	0.0000
45	201325.0000	8601325.0000	201325.0000	0	1	'gaslib-582-10'	45	0.0000	0.0000
46	201325.0000	8601325.0000	201325.0000	0	1	'gaslib-582-10'	46	0.0000	0.0000
47	201325.0000	8601325.0000	201325.0000	0	1	'gaslib-582-10'	47	0.0000	0.0000
48	201325.0000	8601325.0000	201325.0000	0	1	'gaslib-582-10'	48	0.0000	0.0000
49	201325.0000	8601325.0000	201325.0000	0	1	'gaslib-582-10'	49	0.0000	0.0000
50	201325.0000	8601325.0000	201325.0000	0	1	'gaslib-582-10'	50	0.0000	0.0000
51	201325.0000	8601325.0000	201325.0000	0	1	'gaslib-582-10'	51	0.0000	0.0000
52	201325.0000	8601325.0000	201325.0000	0	1	'gaslib-582-10'	52	0.0000	0.0000
53	201325.0000	831325.0191	201325.0000	0	1	'gaslib-582-10'	53	0.0000	0.0000
54	201325.0000	8501325.0000	201325.0000	0	1	'gaslib-582-10'	54	0.0000	0.0000
55	201325.0000	8601325.0000	201325.0000	0	1	'gaslib-582-10'	55	0.0000	0.0000
56	201325.0000	10101325.0000	201325.0000	0	1	'gaslib-582-10'	56	0.0000	0.0000
57	201325.0000	8601325.0000	201325.0000	0	1	'gaslib-582-10'	57	0.0000	0.0000
58	201325.0000	8601325.0000	201325.0000	0	1	'gaslib-582-10'	58	0.0000	0.0000
59	201325.0000	8601325.0000	201325.0000	0	1	'gaslib-582-10'	59	0.0000	0.0000
60	201325.0000	8601325.0000	201325.0000	0	1	'gaslib-582-10'	60	0.0000	0.0000
61	201325.0000	8601325.0000	201325.0000	0	1	'gaslib-582-10'	61	0.0000	0.0000
62	201325.0000	8601325.0000	201325.0000	0	1	'gaslib-582-10'	62	0.0000	0.0000
63	201325.0000	8601325.0000	201325.0000	0	1	'gaslib-582-10'	63	0.0000	0.0000
64	201325.0000	831325.0191	201325.0000	0	1	'gaslib-582-10'	64	0.0000	0.0000
65	201325.0000	831325.0191	201325.0000	0	1	'gaslib-582-10'	65	0.0000	0.0000
66	201325.0000	831325.0191	201325.0000	0	1	'gaslib-582-10'	66	0.0000	0.0000
67	201325.0000	8601325.0000	201325.0000	0	1	'gaslib-582-10'	67	0.0000	0.0000
68	201325.0000	831325.0191	201325.0000	0	1	'gaslib-582-10'	68	0.0000	0.0000
69	201325.0000	831325.0191	201325.0000	0	1	'gaslib-582-10'	69	0.0000	0.0000
70	201325.0000	831325.0191	201325.0000	0	1	'gaslib-582-10'	70	0.0000	0.0000
71	201325.0000	831325.0191	201325.0000	0	1	'gaslib-582-10'	71	0.0000	0.0000
72	201325.0000	831325.0191	201325.0000	0	1	'gaslib-582-10'	72	0.0000	0.0000
73	201325.0000	831325.0191	201325.0000	0	1	'gaslib-582-10'	73	0.0000	0.0000
74	201325.0000	831325.0191	201325.0000	0	1	'gaslib-582-10'	74	0.0000	0.0000
75	201325.0000	831325.0191	201325.0000	0	1	'gaslib-582-10'	75	0.0000	0.0000
76	201325.0000	831325.0191	201325.0000	0	1	'gaslib-582-10'	76	0.0000	0.0000
77	201325.0000	831325.0191	201325.0000	0	1	'gaslib-582-10'	77	0.0000	0.0000
78	201325.0000	831325.0191	201325.0000	0	1	'gaslib-582-10'	78	0.0000	0.0000
79	201325.0000	411325.0000	201325.0000	0	1	'gaslib-582-10'	79	0.0000	0.0000
80	201325.0000	411325.0000	201325.0000	0	1	'gaslib-582-10'	80	0.0000	0.0000
81	201325.0000	411325.0000	201325.0000	0	1	'gaslib-582-10'	81	0.0000	0.0000
82	201325.0000	411325.0000	201325.0000	0	1	'gaslib-582-10'	82	0.0000	0.0000
83	201325.0000	1601325.0000	201325.0000	0	1	'gaslib-582-10'	83	0.0000	0.0000
84	201325.0000	1601325.0000	201325.0000	0	1	'gaslib-582-10'	84	0.0000	0.0000
85	201325.0000	1601325.0000	201325.0000	0	1	'gaslib-582-10'	85	0.0000	0.0000
86	201325.0000	411325.0000	201325.0000	0	1	'gaslib-582-10'	86	0.0000	0.0000
87	201325.0000	411325.0000	201325.0000	0	1	'gaslib-582-10'	87	0.0000	0.0000
88	201325.0000	411325.0000	201325.0000	0	1	'gaslib-582-10'	88	0.0000	0.0000
89	201325.0000	411325.0000	201325.0000	0	1	'gaslib-582-10'	89	0.0000	0.0000
90	201325.0000	411325.0000	201325.0000	0	1	'gaslib-582-10'	90	0.0000	0.0000
91	201325.0000	411325.0000	201325.0000	0	1	'gaslib-582-10'	91	0.0000	0.0000
92	201325.0000	411325.0000	201325.0000	0	1	'gaslib-582-10'	92	0.0000	0.0000
93	201325.0000	411325.0000	201325.0000	0	1	'gaslib-582-10'	93	0.0000	0.0000
94	201325.0000	411325.0000	201325.0000	0	1	'gaslib-582-10'	94	0.0000	0.0000
95	201325.0000	411325.0000	201325.0000	0	1	'gaslib-582-10'	95	0.0000	0.0000
