function mgc = gaslib-582-300

%% required global data
mgc.gas_specific_gravity         = 0.6;
mgc.specific_heat_capacity_ratio = 1.4;  % unitless
mgc.temperature                  = 288.15;  % K
mgc.compressibility_factor       = 0.8;  % unitless
mgc.units                        = 'si';

%% optional global data (that was either provided or computed based on required global data)
mgc.gas_molar_mass               = 0.018; % kg/mol
mgc.sound_speed                  = 325.8624;  % m/s
mgc.R                            = 8.314;  % J/(mol K)
mgc.base_pressure                = 12101325;  % Pa
mgc.base_length                  = 5000;  % m
mgc.is_per_unit                  = 0;
mgc.base_flow                    = 7528;

%% junction data
% id	p_min	p_max	p_nominal	junction_type	status	pipeline_name	edi_id	lat	lon
mgc.junction = [
0	      101325	    12101325    101325	    0	1	'gaslib-582'	0	      48.4487	10.0667
1	      201325	    8601325   	201325	    0	1	'gaslib-582'	1	      47.8615	9.6135
2	      201325	    8601325	    201325	    0	1	'gaslib-582'	2	      47.8615	9.6135
3	      201325	    8601325	    201325	    0	1	'gaslib-582'	3	      48.2137	9.5218
4	      201325	    8601325	    201325	    0	1	'gaslib-582'	4	      47.3286	9.0036
5	      201325	    8601325	    201325	    0	1	'gaslib-582'	5	      47.2342	8.9812
6	      201325	    8601325	    201325	    0	1	'gaslib-582'	6	      47.8068	9.9841
7	      201325	    8601325	    201325	    0	1	'gaslib-582'	7	      47.3988	9.0146
8	      201325	    8601325	    201325	    0	1	'gaslib-582'	8	      47.3408	8.9795
9	      201325	    8501325	    201325	    0	1	'gaslib-582'	9	      47.3576	8.8994
10	    201325	    8601325	    201325	    0	1	'gaslib-582'	10	    47.8615	9.6135
11	    201325	    8601325	    201325	    0	1	'gaslib-582'	11	    47.9000	8.0001
12	    201325	    8601325	    201325	    0	1	'gaslib-582'	12	    47.8512	7.9483
13	    201325	    8601325	    201325	    0	1	'gaslib-582'	13	    48.3578	7.9247
14	    201325	    8601325	    201325	    0	1	'gaslib-582'	14	    48.3578	7.9247
15	    201325	    8601325	    201325	    0	1	'gaslib-582'	15	    47.2342	8.9812
16	    201325	    10101325    201325	    0	1	'gaslib-582'	16	    47.3286	9.0036
17	    201325	    8601325	    201325	    0	1	'gaslib-582'	17	    48.2137	9.5218
18	    201325	    8601325	    201325	    0	1	'gaslib-582'	18	    47.5142	9.3887
19	    201325	    8501325	    201325	    0	1	'gaslib-582'	19	    48.4487	10.0667
20	    201325	    8501325	    201325	    0	1	'gaslib-582'	20	    48.3400	9.7649
21	    201325	    8501325	    201325	    0	1	'gaslib-582'	21	    48.2137	9.5218
22	    201325	    8501325	    201325	    0	1	'gaslib-582'	22	    47.4728	9.3181
23	    201325	    8501325	    201325	    0	1	'gaslib-582'	23	    47.5003	9.2001
24	    201325	    8501325	    201325	    0	1	'gaslib-582'	24	    47.7422	8.0645
25	    201325	    7101325	    201325	    0	1	'gaslib-582'	25	    47.4438	9.4498
26	    201325	    7101325	    201325	    0	1	'gaslib-582'	26	    47.4120	9.4714
27	    201325	    8501325	    201325	    0	1	'gaslib-582'	27	    47.8068	9.9841
28	    201325	    8601325	    201325	    0	1	'gaslib-582'	28	    47.8248	9.5857
29	    201325	    8601325	    201325	    0	1	'gaslib-582'	29	    47.4457	9.3640
30	    201325	    8601325	    201325	    0	1	'gaslib-582'	30	    47.9052	8.0261
31	    101325	    12101325    101325	    0	1	'gaslib-582'	31	    48.4487	10.0667
32    	201325	    8501325	    201325	    0	1	'gaslib-582'	32	    47.8615	9.6135
33	    201325	    411325	    201325	    0	1	'gaslib-582'	33	    48.6994	6.0502
34	    201325	    411325	    201325	    0	1	'gaslib-582'	34	    48.6641	6.1191
35	    201325	    8601325	    201325	    0	1	'gaslib-582'	35	    47.8615	9.6135
36	    201325	    8601325	    201325	    0	1	'gaslib-582'	36	    48.9480	6.8942
37	    201325	    8601325	    201325	    0	1	'gaslib-582'	37	    48.4116	7.7568
38	    201325	    8601325	    201325	    0	1	'gaslib-582'	38	    47.9000	8.0001
39	    201325	    6721325	    201325	    0	1	'gaslib-582'	39	    48.4833	7.9495
40	    201325	    8601325	    201325	    0	1	'gaslib-582'	40	    0.0	0.0
41	    201325	    8601325	    201325	    0	1	'gaslib-582'	41	    0.0	0.0
42	    201325	    8601325	    201325	    0	1	'gaslib-582'	42	    0.0	0.0
43	    201325	    8601325	    201325	    0	1	'gaslib-582'	43	    0.0	0.0
44	    201325	    8601325	    201325	    0	1	'gaslib-582'	44	    0.0	0.0
45	    201325	    8601325	    201325	    0	1	'gaslib-582'	45	    0.0	0.0
46	    201325	    8601325	    201325	    0	1	'gaslib-582'	46	    0.0	0.0
47	    201325	    8601325	    201325	    0	1	'gaslib-582'	47	    0.0	0.0
48	    201325	    8601325	    201325	    0	1	'gaslib-582'	48	    0.0	0.0
49	    201325	    8601325	    201325	    0	1	'gaslib-582'	49	    0.0	0.0
50	    201325	    8601325	    201325	    0	1	'gaslib-582'	50	    0.0	0.0
51	    201325	    8601325    	201325	    0	1	'gaslib-582'	51	    0.0	0.0
52	    201325	    8601325	    201325	    0	1	'gaslib-582'	52	    0.0	0.0
53	    201325	    831325.0191	201325	    0	1	'gaslib-582'	53	    0.0	0.0
54	    201325	    8501325	    201325	    0	1	'gaslib-582'	54	    0.0	0.0
55	    201325	    8601325	    201325	    0	1	'gaslib-582'	55	    0.0	0.0
56	    201325	    10101325	  201325	    0	1	'gaslib-582'	56	    0.0	0.0
57	    201325	    8601325	    201325	    0	1	'gaslib-582'	57	    0.0	0.0
58	    201325	    8601325	    201325	    0	1	'gaslib-582'	58	    0.0	0.0
59	    201325	    8601325	    201325	    0	1	'gaslib-582'	59	    0.0	0.0
60	    201325	    8601325	    201325	    0	1	'gaslib-582'	60	    0.0	0.0
61	    201325	    8601325	    201325	    0	1	'gaslib-582'	61	    0.0	0.0
62	    201325	    8601325	    201325	    0	1	'gaslib-582'	62	    0.0	0.0
63	    201325	    8601325	    201325	    0	1	'gaslib-582'	63	    0.0	0.0
64	    201325	    831325.0191	201325	    0	1	'gaslib-582'	64	    0.0	0.0
65	    201325	    831325.0191	201325	    0	1	'gaslib-582'	65	    0.0	0.0
66	    201325	    831325.0191	201325	    0	1	'gaslib-582'	66	    0.0	0.0
67	    201325	    8601325	    201325	    0	1	'gaslib-582'	67	    0.0	0.0
68	    201325	    831325.0191	201325	    0	1	'gaslib-582'	68	    0.0	0.0
69	    201325	    831325.0191	201325	    0	1	'gaslib-582'	69	    0.0	0.0
70	    201325	    831325.0191	201325	    0	1	'gaslib-582'	70	    0.0	0.0
71	    201325	    831325.0191	201325	    0	1	'gaslib-582'	71	    0.0	0.0
72	    201325	    831325.0191	201325	    0	1	'gaslib-582'	72	    0.0	0.0
73	    201325	    831325.0191	201325	    0	1	'gaslib-582'	73	    0.0	0.0
74	    201325	    831325.0191	201325	    0	1	'gaslib-582'	74	    0.0	0.0
75	    201325	    831325.0191	201325	    0	1	'gaslib-582'	75	    0.0	0.0
76	    201325	    831325.0191	201325	    0	1	'gaslib-582'	76	    0.0	0.0
77	    201325	    831325.0191	201325	    0	1	'gaslib-582'	77	    0.0	0.0
78	    201325	    831325.0191	201325	    0	1	'gaslib-582'	78	    0.0	0.0
79	    201325	    411325	    201325	    0	1	'gaslib-582'	79	    0.0	0.0
80	    201325	    411325	    201325	    0	1	'gaslib-582'	80	    0.0	0.0
81	    201325	    411325	    201325	    0	1	'gaslib-582'	81	    0.0	0.0
82	    201325	    411325	    201325	    0	1	'gaslib-582'	82	    0.0	0.0
83	    201325	    1601325	    201325	    0	1	'gaslib-582'	83	    0.0	0.0
84	    201325	    1601325	    201325	    0	1	'gaslib-582'	84	    0.0	0.0
85	    201325	    1601325	    201325	    0	1	'gaslib-582'	85	    0.0	0.0
86	    201325	    411325	    201325	    0	1	'gaslib-582'	86	    0.0	0.0
87	    201325	    411325	    201325	    0	1	'gaslib-582'	87	    0.0	0.0
88	    201325	    411325	    201325	    0	1	'gaslib-582'	88	    0.0	0.0
89	    201325	    411325	    201325	    0	1	'gaslib-582'	89	    0.0	0.0
90	    201325	    411325	    201325	    0	1	'gaslib-582'	90	    0.0	0.0
91	    201325	    411325	    201325	    0	1	'gaslib-582'	91	    0.0	0.0
92	    201325	    411325	    201325	    0	1	'gaslib-582'	92	    0.0	0.0
93	    201325	    411325	    201325	    0	1	'gaslib-582'	93	    0.0	0.0
