function mgc = gaslib-135-125

%% required global data
mgc.gas_specific_gravity = 0.6000;
mgc.specific_heat_capacity_ratio = 1.4000;  % unitless
mgc.temperature = 288.7060;  % K
mgc.compressibility_factor = 1.0000;  % unitless
mgc.units = 'si';

%% optional global data (that was either provided or computed based on required global data)
mgc.sound_speed = 371.6643;  % m/s
mgc.R = 8.3140;  % J/(mol K)
mgc.base_pressure = 8101325;  % Pa
mgc.base_length = 5000.0000;  % m
mgc.is_per_unit = 0;

%% junction data
% id	p_min	p_max	p_nominal	junction_type	status	pipeline_name	edi_id	lat	lon
mgc.junction = [
0	101325.0000	8101325.0000	101325.0000	0	1	'gaslib-135-125'	0	49.9631	6.3113
1	101325.0000	8101325.0000	101325.0000	0	1	'gaslib-135-125'	1	51.5156	17.2343
2	101325.0000	8101325.0000	101325.0000	0	1	'gaslib-135-125'	2	52.1648	19.4013
3	101325.0000	8101325.0000	101325.0000	0	1	'gaslib-135-125'	3	48.4385	7.2498
4	101325.0000	8101325.0000	101325.0000	0	1	'gaslib-135-125'	4	51.2692	16.9216
5	3101325.0000	8101325.0000	3101325.0000	0	1	'gaslib-135-125'	5	49.4445	8.8146
6	101325.0000	8101325.0000	101325.0000	0	1	'gaslib-135-125'	6	52.5495	16.6284
7	101325.0000	8101325.0000	101325.0000	0	1	'gaslib-135-125'	7	54.7328	18.1588
8	101325.0000	8101325.0000	101325.0000	0	1	'gaslib-135-125'	8	52.7131	10.6960
9	101325.0000	8101325.0000	101325.0000	0	1	'gaslib-135-125'	9	50.3393	6.4216
10	101325.0000	8101325.0000	101325.0000	0	1	'gaslib-135-125'	10	54.3424	12.3038
11	101325.0000	8101325.0000	101325.0000	0	1	'gaslib-135-125'	11	50.2538	6.7533
12	101325.0000	8101325.0000	101325.0000	0	1	'gaslib-135-125'	12	51.9783	11.0518
13	101325.0000	8101325.0000	101325.0000	0	1	'gaslib-135-125'	13	53.7471	9.8835
14	101325.0000	8101325.0000	101325.0000	0	1	'gaslib-135-125'	14	52.9274	9.8013
15	101325.0000	8101325.0000	101325.0000	0	1	'gaslib-135-125'	15	49.5908	14.0671
16	101325.0000	8101325.0000	101325.0000	0	1	'gaslib-135-125'	16	54.8084	18.1004
17	3101325.0000	8101325.0000	3101325.0000	0	1	'gaslib-135-125'	17	51.0905	16.5184
18	101325.0000	8101325.0000	101325.0000	0	1	'gaslib-135-125'	18	49.8335	5.9731
19	101325.0000	8101325.0000	101325.0000	0	1	'gaslib-135-125'	19	51.1473	13.8830
20	101325.0000	8101325.0000	101325.0000	0	1	'gaslib-135-125'	20	51.6988	15.2097
21	101325.0000	8101325.0000	101325.0000	0	1	'gaslib-135-125'	21	51.5947	14.1580
22	101325.0000	8101325.0000	101325.0000	0	1	'gaslib-135-125'	22	51.0828	7.6024
23	101325.0000	8101325.0000	101325.0000	0	1	'gaslib-135-125'	23	51.2520	16.7159
24	101325.0000	8101325.0000	101325.0000	0	1	'gaslib-135-125'	24	50.8516	15.1007
25	101325.0000	8101325.0000	101325.0000	0	1	'gaslib-135-125'	25	51.7403	16.7419
26	101325.0000	8101325.0000	101325.0000	0	1	'gaslib-135-125'	26	50.1445	6.9712
27	101325.0000	8101325.0000	101325.0000	0	1	'gaslib-135-125'	27	52.2903	18.6940
28	101325.0000	8101325.0000	101325.0000	0	1	'gaslib-135-125'	28	49.7007	7.4678
29	101325.0000	8101325.0000	101325.0000	0	1	'gaslib-135-125'	29	54.6856	16.9072
30	3101325.0000	8101325.0000	3101325.0000	0	1	'gaslib-135-125'	30	49.6554	11.6318
31	101325.0000	8101325.0000	101325.0000	0	1	'gaslib-135-125'	31	49.7056	11.4570
32	101325.0000	8101325.0000	101325.0000	0	1	'gaslib-135-125'	32	50.6319	8.4142
33	101325.0000	8101325.0000	101325.0000	0	1	'gaslib-135-125'	33	49.9115	10.8765
34	3101325.0000	8101325.0000	3101325.0000	0	1	'gaslib-135-125'	34	47.2275	12.0628
35	101325.0000	8101325.0000	101325.0000	0	1	'gaslib-135-125'	35	50.9196	7.4417
36	101325.0000	8101325.0000	101325.0000	0	1	'gaslib-135-125'	36	55.1028	18.2162
37	101325.0000	8101325.0000	101325.0000	0	1	'gaslib-135-125'	37	52.3959	18.0084
38	101325.0000	8101325.0000	101325.0000	0	1	'gaslib-135-125'	38	50.9866	11.4186
39	101325.0000	8101325.0000	101325.0000	0	1	'gaslib-135-125'	39	49.5533	11.5163
40	101325.0000	8101325.0000	101325.0000	0	1	'gaslib-135-125'	40	0.0000	0.0000
41	101325.0000	8101325.0000	101325.0000	0	1	'gaslib-135-125'	41	0.0000	0.0000
42	101325.0000	8101325.0000	101325.0000	0	1	'gaslib-135-125'	42	0.0000	0.0000
43	101325.0000	8101325.0000	101325.0000	0	1	'gaslib-135-125'	43	0.0000	0.0000
44	3101325.0000	8101325.0000	3101325.0000	0	1	'gaslib-135-125'	44	0.0000	0.0000
45	101325.0000	8101325.0000	101325.0000	0	1	'gaslib-135-125'	45	0.0000	0.0000
46	101325.0000	8101325.0000	101325.0000	0	1	'gaslib-135-125'	46	0.0000	0.0000
47	101325.0000	8101325.0000	101325.0000	0	1	'gaslib-135-125'	47	0.0000	0.0000
48	101325.0000	8101325.0000	101325.0000	0	1	'gaslib-135-125'	48	0.0000	0.0000
49	3101325.0000	8101325.0000	3101325.0000	0	1	'gaslib-135-125'	49	0.0000	0.0000
50	101325.0000	8101325.0000	101325.0000	0	1	'gaslib-135-125'	50	0.0000	0.0000
51	101325.0000	8101325.0000	101325.0000	0	1	'gaslib-135-125'	51	0.0000	0.0000
52	101325.0000	8101325.0000	101325.0000	0	1	'gaslib-135-125'	52	0.0000	0.0000
53	101325.0000	8101325.0000	101325.0000	0	1	'gaslib-135-125'	53	0.0000	0.0000
54	101325.0000	8101325.0000	101325.0000	0	1	'gaslib-135-125'	54	0.0000	0.0000
55	101325.0000	8101325.0000	101325.0000	0	1	'gaslib-135-125'	55	0.0000	0.0000
56	3101325.0000	8101325.0000	3101325.0000	0	1	'gaslib-135-125'	56	0.0000	0.0000
57	3101325.0000	8101325.0000	3101325.0000	0	1	'gaslib-135-125'	57	0.0000	0.0000
58	101325.0000	8101325.0000	101325.0000	0	1	'gaslib-135-125'	58	0.0000	0.0000
59	3101325.0000	8101325.0000	3101325.0000	0	1	'gaslib-135-125'	59	0.0000	0.0000
60	101325.0000	8101325.0000	101325.0000	0	1	'gaslib-135-125'	60	0.0000	0.0000
61	101325.0000	8101325.0000	101325.0000	0	1	'gaslib-135-125'	61	0.0000	0.0000
62	101325.0000	8101325.0000	101325.0000	0	1	'gaslib-135-125'	62	0.0000	0.0000
63	3101325.0000	8101325.0000	3101325.0000	0	1	'gaslib-135-125'	63	0.0000	0.0000
64	101325.0000	8101325.0000	101325.0000	0	1	'gaslib-135-125'	64	0.0000	0.0000
65	101325.0000	8101325.0000	101325.0000	0	1	'gaslib-135-125'	65	0.0000	0.0000
66	3101325.0000	8101325.0000	3101325.0000	0	1	'gaslib-135-125'	66	0.0000	0.0000
67	101325.0000	8101325.0000	101325.0000	0	1	'gaslib-135-125'	67	0.0000	0.0000
68	101325.0000	8101325.0000	101325.0000	0	1	'gaslib-135-125'	68	0.0000	0.0000
69	101325.0000	8101325.0000	101325.0000	0	1	'gaslib-135-125'	69	0.0000	0.0000
70	101325.0000	8101325.0000	101325.0000	0	1	'gaslib-135-125'	70	0.0000	0.0000
71	3101325.0000	8101325.0000	3101325.0000	0	1	'gaslib-135-125'	71	0.0000	0.0000
72	101325.0000	8101325.0000	101325.0000	0	1	'gaslib-135-125'	72	0.0000	0.0000
73	101325.0000	8101325.0000	101325.0000	0	1	'gaslib-135-125'	73	0.0000	0.0000
74	101325.0000	8101325.0000	101325.0000	0	1	'gaslib-135-125'	74	0.0000	0.0000
75	101325.0000	8101325.0000	101325.0000	0	1	'gaslib-135-125'	75	0.0000	0.0000
76	3101325.0000	8101325.0000	3101325.0000	0	1	'gaslib-135-125'	76	0.0000	0.0000
77	101325.0000	8101325.0000	101325.0000	0	1	'gaslib-135-125'	77	0.0000	0.0000
78	101325.0000	8101325.0000	101325.0000	0	1	'gaslib-135-125'	78	0.0000	0.0000
79	101325.0000	8101325.0000	101325.0000	0	1	'gaslib-135-125'	79	0.0000	0.0000
80	101325.0000	8101325.0000	101325.0000	0	1	'gaslib-135-125'	80	0.0000	0.0000
81	101325.0000	8101325.0000	101325.0000	0	1	'gaslib-135-125'	81	0.0000	0.0000
82	101325.0000	8101325.0000	101325.0000	0	1	'gaslib-135-125'	82	0.0000	0.0000
83	101325.0000	8101325.0000	101325.0000	0	1	'gaslib-135-125'	83	0.0000	0.0000
84	101325.0000	8101325.0000	101325.0000	0	1	'gaslib-135-125'	84	0.0000	0.0000
85	101325.0000	8101325.0000	101325.0000	0	1	'gaslib-135-125'	85	0.0000	0.0000
86	101325.0000	8101325.0000	101325.0000	0	1	'gaslib-135-125'	86	0.0000	0.0000
87	101325.0000	8101325.0000	101325.0000	0	1	'gaslib-135-125'	87	0.0000	0.0000
88	101325.0000	8101325.0000	101325.0000	0	1	'gaslib-135-125'	88	0.0000	0.0000
89	101325.0000	8101325.0000	101325.0000	0	1	'gaslib-135-125'	89	0.0000	0.0000
90	101325.0000	8101325.0000	101325.0000	0	1	'gaslib-135-125'	90	0.0000	0.0000
91	101325.0000	8101325.0000	101325.0000	0	1	'gaslib-135-125'	91	0.0000	0.0000
92	101325.0000	8101325.0000	101325.0000	0	1	'gaslib-135-125'	92	0.0000	0.0000
