function mgc = gaslib-135-50

%% required global data
mgc.gas_specific_gravity         = 0.6;
mgc.specific_heat_capacity_ratio = 1.4;  % unitless
mgc.temperature                  = 273.15;  % K
mgc.compressibility_factor       = 0.8;  % unitless
mgc.units                        = 'si';

%% optional global data (that was either provided or computed based on required global data)
mgc.gas_molar_mass              = 0.01857; % kg/mol
mgc.R                           = 8.314;  % J/(mol K)
mgc.base_pressure               = 8101325;  % Pa
mgc.base_flow                   = 1650.0;
mgc.base_length                 = 5000;  % m
mgc.is_per_unit                 = 0;
mgc.sound_speed                 = 312.8060

%% junction data
% id	p_min	p_max	p_nominal	junction_type	status	pipeline_name	edi_id	lat	lon
mgc.junction = [
0	      101325	8101325	101325	0	1	'gaslib-135'	0	      49.9631	6.3113
1	      101325	8101325	101325	0	1	'gaslib-135'	1	      51.5156	17.2343
2	      101325	8101325	101325	0	1	'gaslib-135'	2	      52.1648	19.4013
3	      101325	8101325	101325	0	1	'gaslib-135'	3	      48.4385	7.2498
4	      101325	8101325	101325	0	1	'gaslib-135'	4	      51.2692	16.9216
5	      3101325	8101325	3101325	0	1	'gaslib-135'	5	      49.4445	8.8146
6	      101325	8101325	101325	0	1	'gaslib-135'	6	      52.5495	16.6284
7	      101325	8101325	101325	0	1	'gaslib-135'	7	      54.7328	18.1588
8	      101325	8101325	101325	0	1	'gaslib-135'	8	      52.7131	10.6960
9	      101325	8101325	101325	0	1	'gaslib-135'	9	      50.3393	6.4216
10	    101325	8101325	101325	0	1	'gaslib-135'	10	    54.3424	12.3038
11	    101325	8101325	101325	0	1	'gaslib-135'	11	    50.2538	6.7533
12	    101325	8101325	101325	0	1	'gaslib-135'	12	    51.9783	11.0518
13	    101325	8101325	101325	0	1	'gaslib-135'	13	    53.7471	9.8835
14	    101325	8101325	101325	0	1	'gaslib-135'	14	    52.9274	9.8013
15	    101325	8101325	101325	0	1	'gaslib-135'	15	    49.5908	14.0671
16	    101325	8101325	101325	0	1	'gaslib-135'	16	    54.8084	18.1004
17	    3101325	8101325	3101325	0	1	'gaslib-135'	17	    51.0905	16.5184
18	    101325	8101325	101325	0	1	'gaslib-135'	18	    49.8335	5.9731
19	    101325	8101325	101325	0	1	'gaslib-135'	19	    51.1473	13.8830
20	    101325	8101325	101325	0	1	'gaslib-135'	20	    51.6988	15.2097
21	    101325	8101325	101325	0	1	'gaslib-135'	21	    51.5947	14.1580
22	    101325	8101325	101325	0	1	'gaslib-135'	22	    51.0828	7.6024
23	    101325	8101325	101325	0	1	'gaslib-135'	23	    51.2520	16.7159
24	    101325	8101325	101325	0	1	'gaslib-135'	24	    50.8516	15.1007
25	    101325	8101325	101325	0	1	'gaslib-135'	25	    51.7403	16.7419
26	    101325	8101325	101325	0	1	'gaslib-135'	26	    50.1445	6.9712
27	    101325	8101325	101325	0	1	'gaslib-135'	27	    52.2903	18.6940
28	    101325	8101325	101325	0	1	'gaslib-135'	28	    49.7007	7.4678
29	    101325	8101325	101325	0	1	'gaslib-135'	29	    54.6856	16.9072
30	    3101325	8101325	3101325	0	1	'gaslib-135'	30	    49.6554	11.6318
31	    101325	8101325	101325	0	1	'gaslib-135'	31	    49.7056	11.4570
32	    101325	8101325	101325	0	1	'gaslib-135'	32	    50.6319	8.4142
33	    101325	8101325	101325	0	1	'gaslib-135'	33	    49.9115	10.8765
34	    3101325	8101325	3101325	0	1	'gaslib-135'	34	    47.2275	12.0628
35	    101325	8101325	101325	0	1	'gaslib-135'	35	    50.9196	7.4417
36	    101325	8101325	101325	0	1	'gaslib-135'	36	    55.1028	18.2162
37	    101325	8101325	101325	0	1	'gaslib-135'	37	    52.3959	18.0084
38	    101325	8101325	101325	0	1	'gaslib-135'	38	    50.9866	11.4186
39	    101325	8101325	101325	0	1	'gaslib-135'	39	    49.5533	11.5163
40	    101325	8101325	101325	0	1	'gaslib-135'	40	    0.0     0.0
41	    101325	8101325	101325	0	1	'gaslib-135'	41	    0.0     0.0
42	    101325	8101325	101325	0	1	'gaslib-135'	42	    0.0     0.0
43	    101325	8101325	101325	0	1	'gaslib-135'	43	    0.0     0.0
44	    3101325	8101325	3101325	0	1	'gaslib-135'	44	    0.0     0.0
45	    101325	8101325	101325	0	1	'gaslib-135'	45	    0.0     0.0
46	    101325	8101325	101325	0	1	'gaslib-135'	46	    0.0     0.0
47	    101325	8101325	101325	0	1	'gaslib-135'	47	    0.0     0.0
48	    101325	8101325	101325	0	1	'gaslib-135'	48	    0.0     0.0
49	    3101325	8101325	3101325	0	1	'gaslib-135'	49	    0.0     0.0
50	    101325	8101325	101325	0	1	'gaslib-135'	50	    0.0     0.0
51	    101325	8101325	101325	0	1	'gaslib-135'	51	    0.0     0.0
52	    101325	8101325	101325	0	1	'gaslib-135'	52	    0.0     0.0
53	    101325	8101325	101325	0	1	'gaslib-135'	53	    0.0     0.0
54	    101325	8101325	101325	0	1	'gaslib-135'	54	    0.0     0.0
55	    101325	8101325	101325	0	1	'gaslib-135'	55	    0.0     0.0
56	    3101325	8101325	3101325	0	1	'gaslib-135'	56	    0.0     0.0
57	    3101325	8101325	3101325	0	1	'gaslib-135'	57	    0.0     0.0
58	    101325	8101325	101325	0	1	'gaslib-135'	58	    0.0     0.0
59	    3101325	8101325	3101325	0	1	'gaslib-135'	59	    0.0     0.0
60	    101325	8101325	101325	0	1	'gaslib-135'	60	    0.0     0.0
61	    101325	8101325	101325	0	1	'gaslib-135'	61	    0.0     0.0
62	    101325	8101325	101325	0	1	'gaslib-135'	62	    0.0     0.0
63	    3101325	8101325	3101325	0	1	'gaslib-135'	63	    0.0     0.0
64	    101325	8101325	101325	0	1	'gaslib-135'	64	    0.0     0.0
65	    101325	8101325	101325	0	1	'gaslib-135'	65	    0.0     0.0
66	    3101325	8101325	3101325	0	1	'gaslib-135'	66	    0.0     0.0
67	    101325	8101325	101325	0	1	'gaslib-135'	67	    0.0     0.0
68	    101325	8101325	101325	0	1	'gaslib-135'	68	    0.0     0.0
69	    101325	8101325	101325	0	1	'gaslib-135'	69	    0.0     0.0
70	    101325	8101325	101325	0	1	'gaslib-135'	70	    0.0     0.0
71	    3101325	8101325	3101325	0	1	'gaslib-135'	71	    0.0     0.0
72	    101325	8101325	101325	0	1	'gaslib-135'	72	    0.0     0.0
73    	101325	8101325	101325	0	1	'gaslib-135'	73	    0.0     0.0
74	    101325	8101325	101325	0	1	'gaslib-135'	74	    0.0     0.0
75	    101325	8101325	101325	0	1	'gaslib-135'	75	    0.0     0.0
76	    3101325	8101325	3101325	0	1	'gaslib-135'	76	    0.0     0.0
77	    101325	8101325	101325	0	1	'gaslib-135'	77	    0.0     0.0
78	    101325	8101325	101325	0	1	'gaslib-135'	78	    0.0     0.0
79	    101325	8101325	101325	0	1	'gaslib-135'	79	    0.0     0.0
80	    101325	8101325	101325	0	1	'gaslib-135'	80	    0.0     0.0
81	    101325	8101325	101325	0	1	'gaslib-135'	81	    0.0     0.0
82	    101325	8101325	101325	0	1	'gaslib-135'	82	    0.0     0.0
83	    101325	8101325	101325	0	1	'gaslib-135'	83	    0.0     0.0
84	    101325	8101325	101325	0	1	'gaslib-135'	84	    0.0     0.0
85	    101325	8101325	101325	0	1	'gaslib-135'	85	    0.0     0.0
86	    101325	8101325	101325	0	1	'gaslib-135'	86	    0.0     0.0
87	    101325	8101325	101325	0	1	'gaslib-135'	87	    0.0     0.0
88	    101325	8101325	101325	0	1	'gaslib-135'	88	    0.0     0.0
89	    101325	8101325	101325	0	1	'gaslib-135'	89	    0.0     0.0
90	    101325	8101325	101325	0	1	'gaslib-135'	90	    0.0     0.0
91     	101325	8101325	101325	0	1	'gaslib-135'	91	    0.0     0.0
92	    101325	8101325	101325	0	1	'gaslib-135'	92	    0.0     0.0
93	    101325	8101325	101325	0	1	'gaslib-135'	93	    0.0     0.0
94	    101325	8101325	101325	0	1	'gaslib-135'	94	    0.0     0.0
95	    101325	8101325	101325	0	1	'gaslib-135'	95	    0.0     0.0
96	    101325	8101325	101325	0	1	'gaslib-135'	96	    0.0     0.0
97	    101325	8101325	101325	0	1	'gaslib-135'	97	    0.0     0.0
98	    101325	8101325	101325	0	1	'gaslib-135'	98	    0.0     0.0
99	    101325	8101325	101325	0	1	'gaslib-135'	99	    0.0     0.0
100	    101325	8101325	101325	0	1	'gaslib-135'	100   	0.0     0.0
101	    101325	8101325	101325	0	1	'gaslib-135'	101	    0.0     0.0
102	    101325	8101325	101325	0	1	'gaslib-135'	102	    0.0     0.0
103	    101325	8101325	101325	0	1	'gaslib-135'	103	    0.0     0.0
104	    101325	8101325	101325	0	1	'gaslib-135'	104	    0.0     0.0
105	    101325	7101325	101325	0	1	'gaslib-135'	105	    0.0     0.0
106	    101325	7101325	101325	0	1	'gaslib-135'	106	    0.0     0.0
